011100000000000000000000000000000000001000000000100000000000000000000
001100000000010000000000000000000000100000000001100000001000000000000
001100000000100000000000000000000000100000000011110000010000000000000
001100000000110000000000000000000000100000000101110000100000000000000
001100000001000000000000000000000000100000000111100000001100000000000
001100000001010000000000000000000000100000001001110000010100000000000
001100000001100000000000000000000000100000001011110000100100000000000
111111000011010000000000000000000000100000001100000000000000000000000
000100000001111110000001011000001110111000000010000000000000000000000
000111000001000000000000000000000000100000001110000000000000000000000
000111000001100000000000000000000000100000001110000000000000000000000
000111000010000000000000000000000000100000001110000000000000000000000
000111000010100000000000000000000000100000001110000000000000000000000
000111000011000000000000000000000000100000001110000000000000000000000
011100000010000000000000000000000000100000001110100000000000000000000
011100000010010000000000000000000000101000000001000000100000000000000
010001000000000000000000000000000000001000000001000000100100000000000
0
0
0
0
0
0
0
0
0
0
0
0
0
0
0
