011100000000000000000000000000000000001000000000100000000000000000000
001100000000010000000000000000000000100000000001100010001000000000000
001100000000100000000000000000000000100000000011110010010000000000000
001100000000110000000000000000000000100000000101110010100000000000000
001111000000010000000000000000000000100000000111100000011100000000000
000100000001001110010001011000101110111000000010000000000000000000000
000111001001000000000000000000000000100000001000000000000000000000000
000111001001100000000000000000000000100000001000000000000000000000000
000111001010000000000000000000000000100000001000000000000000000000000
000111001010100000000000000000000000100000001000000000000000000000000
000111001011000000000000000000000000100000001000000000000000000000000
011100000001010000000000000000000000100000001000100000000000000000000
011100000001100000000000000000000000101000000001000000010100000000000
010001000000000000000000000000000000001000000001000000011000000000000
0
0
0
0
0
0
0
0
0
0
0
0
0
0
0
0
0
0
