011100000000000000000000000000000000001000000000100000000000000000000
001100000000010000000000000000000000100000000001100100001000000000000
001100000000100000000000000000000000100000000011110100010000000000000
001100000000110000000000000000000000100000000101110100100000000000000
001100000001000000000000000000000000100000000111100000101100000000000
001111000000010000000000000000000000100000001001110000110100000000000
000100000001011110100001011001001110111000000010000000000000000000000
000111010001000000000000000000000000100000001010000000000000000000000
000111010001100000000000000000000000100000001010000000000000000000000
000111010010000000000000000000000000100000001010000000000000000000000
000111010010100000000000000000000000100000001010000000000000000000000
000111010011000000000000000000000000100000001010000000000000000000000
011100000001100000000000000000000000100000001010100000000000000000000
011100000001110000000000000000000000101000000001000000011000000000000
010001000000000000000000000000000000001000000001000000011100000000000
0
0
0
0
0
0
0
0
0
0
0
0
0
0
0
0
0
