00000000000000000000000000000000000000000000000001000000
00000000000000000000000000000000000000100100100101010000
00000000000000000000000000000000000000000000000001000000
00000000000000000000000000100100100100000000000001011100
00000000000000000000000000000000000000000000000001000000
00000000000000100100100100000000000000000000000001011000
00000000000000000000000000000000000000000000000001000000
00100100100100000000000000000000000000000000000001010100
00000000000000000000000000000000000000000000000001000000
00000000000000000000000000000000000000000000001101010000
00000000000000000000000000000000000000000000000001100000
00000000000000000000000000000000000000000000000001110000
