00000000000000000000000000000000000000000000000001000000
00000000000000000000000000000000000000100100100101010000
00000000000000000000000000000000000000000000000001000000
00000000000000000000000000100100100100000000000001011100
00000000000000000000000000000000000000000000000001000000
00000000000000100100100100000000000000000000000001011000
00000000000000000000000000000000000000000000000001000000
00100100100100000000000000000000000000000000000001010100
00000000000000000000000000000000000000000000000001000000
00000000000000000000000000000000000001101101101101010000
00000000000000000000000000000000000000000000000001000000
00000000000000000000000001101101101100000000000001011100
00000000000000000000000000000000000000000000000001000000
00000000000001101101101100000000000000000000000001011000
00000000000000000000000000000000000000000000000001000000
01101101101100000000000000000000000000000000000001010100
00000000000000000000000000000000000000000000000001000000
00000000000000000000000000000000000010110110110101010000
00000000000000000000000000000000000000000000000001000000
00000000000000000000000010110110110100000000000001011100
00000000000000000000000000000000000000000000000001000000
00000000000010110110110100000000000000000000000001011000
00000000000000000000000000000000000000000000000001000000
10110110110100000000000000000000000000000000000001010100
00000000000000000000000000000000000000000000000001000000
00000000000000000000000000000000000011111111111101010000
00000000000000000000000000000000000000000000000001000000
00000000000000000000000011111111111100000000000001011100
00000000000000000000000000000000000000000000000001100000
00000000000000000000000000000000000000000000000001110000
