0
139
44
-2
0
141
-96
-47
0
92
48
-49
0
142
-1
-45
0
96
-50
-92
0
95
-50
-2
0
47
-47
143
0
-47
-1
93
0
-94
46
-50
0
-46
-50
0
0
0
140
2
0
94
-97
-48
0
-92
2
94
0
142
142
95
0
138
142
-2
0
-1
-2
92
0
2
96
-96
0
-3
-49
46
0
-45
-2
46
0
140
143
93
0
141
46
-47
0
-47
-50
2
0
-48
-96
-94
0
-45
0
-95
0
-94
44
-46
0
-49
47
91
0
45
2
-96
0
49
2
-49
0
47
91
-94
0
47
143
45
0
1
46
138
0
-92
-2
93
0
92
-50
49
0
-46
0
49
0
91
-1
142
0
-3
44
-47
0
1
-48
-97
0
46
-49
96
0
91
139
-50
0
140
139
96
0
-96
-49
-93
0
-92
92
-2
0
2
-97
-48
0
138
95
141
0
94
96
-96
0
-49
1
0
0
-95
94
2
0
1
-48
140
0
49
-45
92
0
-94
96
45
0
-48
96
-97
0
142
45
93
0
-3
-49
141
0
91
143
0
0
-95
143
46
0
-94
-94
93
