0
46
-96
-96
0
142
48
-94
0
46
45
-49
0
47
46
49
0
-47
94
142
0
48
92
95
0
2
-48
-2
0
-46
92
-46
0
-46
143
143
0
138
142
-1
0
141
139
-92
0
91
-97
140
0
-46
-46
-48
0
142
-46
49
0
-96
-48
-95
0
95
-46
-94
0
-94
142
0
0
138
-3
47
0
95
49
-95
0
140
-94
142
0
44
-95
47
0
-3
-1
-95
0
-47
-95
-3
0
48
-97
2
0
-96
48
-95
0
141
49
-95
0
0
1
45
0
46
-94
45
0
-2
-94
92
0
140
139
-93
0
-45
-45
-45
0
-50
139
-48
0
95
-46
-95
0
-1
143
-94
0
140
91
91
0
-45
49
49
0
-92
143
141
0
-1
-48
138
0
-46
-47
2
0
-48
47
-49
0
143
1
-95
0
95
-46
-2
0
-46
48
-96
0
2
93
91
0
96
-92
-92
0
-48
143
95
0
93
2
2
0
96
-46
0
0
92
96
139
0
45
-48
48
0
49
-45
92
0
91
91
2
0
-45
-48
-97
0
139
2
-94
0
96
92
-92
0
-2
-96
1
