96
140
91
44
138
-2
-93
46
-50
-45
141
-45
0
141
-50
138
95
141
93
-96
49
-46
0
141
-92
45
-45
92
1
-92
-45
93
-96
-47
46
96
141
2
-46
-96
-47
139
-92
143
-1
91
-94
-1
-94
-47
48
95
-47
-50
2
-96
-95
141
143
-95
95
142
138
139
-95
-1
-46
-1
1
140
-45
95
45
142
-96
-94
-97
-96
0
-92
2
47
-92
47
-92
2
140
139
46
-92
-50
45
96
-3
92
-3
138
93
95
-95
-45
92
95
-1
48
-96
91
-49
1
-93
-93
-46
-2
139
93
95
1
-3
-47
143
44
-92
47
2
-3
0
47
44
138
91
142
140
-48
49
138
-46
138
-48
93
44
-50
-97
-49
-93
96
49
-48
-48
95
1
143
143
96
-95
93
0
139
-48
-92
96
47
142
-95
-96
47
46
-93
92
93
143
138
49
-94
91
47
95
140
140
140
-45
141
-95
-93
141
-97
-45
-95
143
-96
2
143
0
-45
-49
93
-50
141
-47
-50
93
142
45
-92
1
47
143
-93
93
-96
44
2
-3
-45
2
92
92
48
-97
0
45
-45
-50
46
-1
