1
-96
-97
-97
46
93
-1
-50
-2
48
1
140
138
-45
2
2
-47
-95
-97
-95
-47
143
47
-50
49
2
142
47
-95
94
-94
96
140
-47
-47
1
1
-94
96
91
48
93
-3
-94
140
140
47
-47
95
2
-95
93
-94
91
48
-47
143
-92
-49
92
-97
48
-96
44
-2
96
-48
-2
44
48
-48
-46
-92
139
143
143
139
96
-93
46
1
-93
-94
-3
-92
140
-92
47
-46
-92
143
-49
92
-92
-96
141
-48
94
2
44
-50
-45
-95
-92
47
92
2
-2
2
-50
-2
49
96
94
-2
143
93
-47
95
96
93
-47
143
44
-96
46
-47
-46
-48
-3
45
92
2
93
-1
-94
139
-47
-94
143
93
49
-50
44
-46
-96
-48
142
94
139
-46
-49
141
-95
94
-47
140
94
91
45
-92
-47
-2
-48
2
143
-48
-2
-47
-47
44
-97
-93
91
46
-97
-50
-95
2
94
-49
-48
46
-48
141
139
1
142
94
93
140
49
138
47
91
-95
93
-50
45
-96
93
-95
94
2
-48
0
-95
142
143
-92
94
-48
92
44
138
-97
-49
46
-47
2
95
-96
-50
-49
