011100000000000000000000000000000000001000000000100000000000000000000
001100000000010000000000000000000000100000000001100011001000000000000
001100000000100000000000000000000000100000000011110011010000000000000
001110000001010000000000000000000000100000000101110011100000000000000
000100000000111110011001011000111110111000000010000000000000000000000
000111001101000000000000000000000000100000000110000000000000000000000
000111001101100000000000000000000000100000000110000000000000000000000
000111001110000000000000000000000000100000000110000000000000000000000
000111001110100000000000000000000000100000000110000000000000000000000
000111001111000000000000000000000000100000000110000000000000000000000
011100000001000000000000000000000000100000000110100000000000000000000
011100000001010000000000000000000000101000000001000000010000000000000
010001000000000000000000000000000000001000000001000000010100000000000
0
0
0
