011100000000000000000000000000000000001000000000100000000000000000000
001100000000010000000000000000000000100000000001100101001000000000000
001100000000100000000000000000000000100000000011110101010000000000000
001110000010010000000000000000000000100000000101110101100000000000000
000100000000111110101001011001011110111000000010000000000000000000000
000111010101000000000000000000000000100000000110000000000000000000000
000111010101100000000000000000000000100000000110000000000000000000000
000111010110000000000000000000000000100000000110000000000000000000000
000111010110100000000000000000000000100000000110000000000000000000000
000111010111000000000000000000000000100000000110000000000000000000000
011100000001000000000000000000000000100000000110100000000000000000000
011100000001010000000000000000000000101000000001000000010000000000000
010001000000000000000000000000000000001000000001000000010100000000000
0
0
0
