011100000000000000000000000000000000001000000000100000000000000000000
001100000000010000000000000000000000100000000001100110001000000000000
001100000000100000000000000000000000100000000011110110010000000000000
001100000000110000000000000000000000100000000101110110100000000000000
001111000010010000000000000000000000100000000111100000111100000000000
000100000001001110110001011001101110111000000010000000000000000000000
000111011001000000000000000000000000100000001000000000000000000000000
000111011001100000000000000000000000100000001000000000000000000000000
000111011010000000000000000000000000100000001000000000000000000000000
000111011010100000000000000000000000100000001000000000000000000000000
000111011011000000000000000000000000100000001000000000000000000000000
011100000001010000000000000000000000100000001000100000000000000000000
011100000001100000000000000000000000101000000001000000010100000000000
010001000000000000000000000000000000001000000001000000011000000000000
0
0
