011100000000000000000000000000000000001000000000100000000000000000000
001100000000010000000000000000000000100000000001100111001000000000000
001100000000100000000000000000000000100000000011110111010000000000000
001110000011010000000000000000000000100000000101110111100000000000000
000100000000111110111001011001111110110000000010000000000000000000000
000111011101000000000000000000000000100000000110000000000000000000000
000111011101100000000000000000000000100000000110000000000000000000000
000111011110000000000000000000000000100000000110000000000000000000000
000111011110100000000000000000000000100000000110000000000000000000000
000111011111000000000000000000000000100000000110000000000000000000000
011100000001000000000000000000000000100000000110100000000000000000000
011100000001010000000000000000000000101000000001000000010000000000000
010001000000000000000000000000000000001000000001000000010100000000000
0
0
0
