-46
-46
-253
-48
-50
-51
-262
-51
-74
-74
-372
-71
3
6
10
5
9
7
28
7
-66
-66
-338
-67
-75
-78
-395
-79
7
9
22
5
3
5
12
7
6
9
29
8
7
6
28
6
8
5
16
5
7
6
26
6
2
2
6
6
-77
-78
-400
-79
-63
-64
-333
-65
4
5
1
2
-65
-65
-343
-64
-72
-74
-371
-72
-57
-57
-302
-59
9
7
26
8
8
6
24
6
-53
-50
-273
-54
-42
-41
-224
-41
2
2
5
2
4
4
2
1
7
3
15
7
-78
-77
-391
-75
-86
-83
-430
-82
-58
-57
-308
-57
-70
-73
-374
-71
-67
-69
-351
-69
-44
-47
-239
-47
-81
-81
-416
-80
-72
-73
-378
-72
8
9
28
8
2
1
1
1
-64
-60
-321
-61
6
8
27
7
-70
-72
-367
-72
1
1
2
5
-48
-51
-258
-47
5
8
18
5
-75
-74
-390
-78
-75
-76
-385
-75
3
1
3
2
-74
-73
-385
-74
9
7
26
7
-79
-80
-410
-80
-74
-73
-385
-77
5
6
23
9
8
7
23
7
-52
-54
-284
-53
-47
-48
-254
-49
-61
-60
-317
-61
-55
-56
-289
-57
-59
-58
-298
-57
-78
-77
-400
-80
5
8
19
7
7
8
21
6
2
5
9
3
6
5
15
4
-73
-71
-365
-69
2
4
1
3
-74
-73
-380
-72
-63
-65
-331
-65
-59
-59
-314
-62
-59
-57
-305
-58
-75
-76
-382
-76
-74
-70
-371
-70
-66
-69
-352
-70
5
4
15
3
-57
-60
-303
-59
5
2
8
6
5
5
24
9
-67
-71
-357
-70
3
4
6
6
-57
-56
-296
-56
9
8
26
8
4
2
8
6
6
7
17
7
8
4
19
7
-75
-72
-381
-75
8
10
27
8
-66
-64
-336
-63
-79
-79
-411
-78
4
5
12
3
4
7
17
4
-43
-40
-218
-42
-59
-62
-318
-63
2
5
10
5
2
6
10
5
4
3
12
3
6
5
14
4
8
5
22
6
5
4
3
5
-51
-51
-264
-49
-56
-53
-281
-53
4
3
4
4
-57
-55
-298
-59
5
3
3
3
2
4
5
2
-57
-56
-292
-56
-63
-60
-317
-62
2
2
10
2
5
6
14
5
6
3
7
6
10
8
28
6
5
5
11
4
5
2
7
6
-59
-60
-319
-60
-54
-54
-288
-53
10
7
29
8
-72
-71
-377
-73
-87
-88
-441
-88
-56
-56
-283
-52
-57
-57
-293
-58
-59
-60
-314
-58
3
6
12
5
-66
-64
-342
-64
-78
-74
-390
-78
5
7
15
5
-68
-64
-341
-66
4
6
12
7
-88
-86
-451
-87
-66
-67
-337
-64
-82
-79
-411
-79
-66
-67
-335
-65
7
5
15
3
-64
-62
-323
-61
-60
-61
-308
-59
-58
-59
-295
-55
6
4
14
4
4
5
12
3
-78
-80
-410
-78
9
9
22
7
6
7
16
6
6
5
25
5
-152
-458
-363
0
-157
-504
-401
0
-222
-510
-409
0
5
-493
-394
0
16
-595
-477
0
-200
3
1
0
-237
-575
-461
0
13
15
13
0
10
6
8
0
20
-529
-421
0
16
1
4
0
13
10
5
0
16
-735
-588
0
5
-383
-307
0
-239
-479
-381
0
-198
5
5
0
1
-502
-401
0
-204
30
25
0
-220
-434
-344
0
-181
18
15
0
18
-478
-382
0
14
30
24
0
-162
1
3
0
-134
-434
-345
0
3
12
11
0
4
27
22
0
9
12
11
0
-236
-571
-457
0
-257
-622
-495
0
-184
-572
-455
0
-220
-419
-334
0
-210
-529
-421
0
-141
5
3
0
-248
26
24
0
-223
29
22
0
16
9
7
0
5
22
19
0
-194
-334
-267
0
16
20
17
0
-218
-434
-345
0
2
16
16
0
-153
13
9
0
14
22
17
0
-236
-344
-273
0
-232
24
18
0
2
-401
-323
0
-232
21
19
0
17
22
21
0
-247
10
6
0
-232
21
19
0
13
-363
-291
0
17
25
20
0
-168
10
6
0
-150
-521
-417
0
-191
-566
-452
0
-172
17
15
0
-175
-575
-463
0
-240
-558
-443
0
10
27
22
0
15
26
23
0
4
-457
-365
0
11
3
5
0
-219
-505
-405
0
5
3
3
0
-227
-588
-468
0
-196
18
14
0
-187
-576
-459
0
-185
28
25
0
-227
15
12
0
-221
23
20
0
-209
28
22
0
10
-518
-412
0
-182
24
21
0
4
16
17
0
16
-380
-304
0
-215
-667
-532
0
4
18
16
0
-179
11
10
0
20
-457
-364
0
8
17
15
0
12
11
9
0
14
22
20
0
-227
-398
-319
0
20
28
23
0
-202
24
20
0
-246
13
9
0
9
4
1
0
13
-562
-447
0
-129
-533
-426
0
-189
24
21
0
4
-571
-457
0
6
29
22
0
7
16
15
0
9
30
22
0
13
-475
-383
0
1
-500
-399
0
-155
26
25
0
-170
-570
-456
0
2
9
5
0
-178
-586
-470
0
1
-474
-375
0
3
13
13
0
-176
3
2
0
-187
-379
-303
0
4
30
24
0
11
6
5
0
8
-507
-405
0
17
-567
-451
0
9
8
9
0
7
11
9
0
-189
11
11
0
-172
-554
-442
0
16
-469
-374
0
-225
-429
-343
0
-263
8
6
0
-170
-382
-307
0
-174
29
21
0
-187
21
17
0
9
-612
-491
0
-206
-373
-297
0
-234
10
6
0
9
6
8
0
-206
-560
-448
0
7
-452
-361
0
-270
14
9
0
-199
8
9
0
-247
-702
-562
0
-201
-634
-503
0
11
14
10
0
-193
10
5
0
-181
0
0
0
-178
0
0
0
11
0
0
0
8
0
0
0
-244
0
0
0
13
0
0
0
10
0
0
0
16
0
0
0
