0
-99
-275
-366
0
-103
-299
-399
0
-146
-308
-411
0
5
-295
-394
0
12
-356
-478
0
-131
4
5
0
-157
-345
-460
0
12
10
13
0
5
8
5
0
14
-313
-421
0
11
2
5
0
8
4
7
0
11
-441
-587
0
6
-230
-305
0
-158
-286
-382
0
-130
3
3
0
5
-298
-402
0
-136
16
24
0
-145
-257
-343
0
-121
12
14
0
13
-284
-383
0
9
16
22
0
-107
1
4
0
-88
-257
-346
0
3
9
9
0
1
19
23
0
5
11
13
0
-153
-342
-456
0
-169
-370
-495
0
-121
-340
-457
0
-147
-250
-332
0
-139
-313
-420
0
-94
1
1
0
-165
18
22
0
-149
17
22
0
14
8
8
0
5
16
17
0
-127
-196
-266
0
14
13
17
0
-145
-258
-347
0
4
14
16
0
-101
10
12
0
8
16
20
0
-154
-203
-274
0
-153
16
19
0
1
-240
-322
0
-155
15
21
0
11
17
18
0
-161
8
7
0
-151
14
18
0
13
-217
-288
0
9
14
21
0
-113
8
8
0
-99
-313
-419
0
-127
-338
-451
0
-114
12
13
0
-119
-345
-461
0
-157
-331
-444
0
7
18
23
0
13
16
21
0
7
-274
-366
0
5
3
5
0
-147
-302
-407
0
2
1
1
0
-151
-353
-470
0
-129
14
13
0
-124
-344
-461
0
-121
19
24
0
-149
11
10
0
-146
13
19
0
-137
16
23
0
7
-308
-415
0
-119
14
20
0
5
13
17
0
9
-230
-307
0
-139
-400
-531
0
3
12
17
0
-119
7
10
0
13
-275
-365
0
4
13
14
0
10
11
10
0
9
14
21
0
-150
-235
-319
0
11
16
25
0
-134
15
20
0
-161
11
11
0
9
4
3
0
11
-336
-447
0
-87
-318
-423
0
-124
15
17
0
6
-340
-457
0
7
17
21
0
9
12
15
0
9
20
21
0
10
-287
-381
0
1
-302
-399
0
-105
18
25
0
-112
-341
-455
0
4
7
5
0
-116
-350
-467
0
5
-284
-376
0
2
8
10
0
-116
1
1
0
-123
-227
-300
0
3
20
22
0
6
4
6
0
4
-305
-407
0
11
-337
-452
0
8
4
5
0
5
8
10
0
-123
11
10
0
-113
-328
-441
0
12
-277
-375
0
-147
-255
-342
0
-173
5
7
0
-113
-229
-306
0
-117
17
24
0
-122
15
19
0
6
-364
-489
0
-134
-220
-298
0
-157
4
7
0
7
8
7
0
-137
-336
-450
0
9
-272
-362
0
-178
9
12
0
-133
7
8
0
-161
-419
-560
0
-135
-376
-504
0
6
11
13
0
-125
5
6
0
-122
0
0
0
-118
0
0
0
5
0
0
0
8
0
0
0
-164
0
0
0
13
0
0
0
9
0
0
0
11
0
0
