-180
-458
-455
-459
-198
-503
-501
-502
-205
-510
-512
-512
-193
-492
-491
-491
-235
-598
-595
-597
4
4
2
4
-229
-578
-578
-575
8
12
12
14
5
6
7
9
-209
-525
-529
-525
2
2
4
4
4
10
9
8
-292
-735
-735
-737
-153
-382
-384
-381
-190
-475
-477
-477
5
2
2
1
-200
-501
-502
-504
15
27
28
29
-170
-434
-433
-434
10
19
16
16
-191
-475
-475
-478
13
28
30
29
4
5
5
2
-172
-433
-432
-432
9
15
13
14
15
29
29
26
8
14
14
13
-229
-571
-572
-571
-249
-624
-621
-620
-229
-572
-572
-571
-165
-417
-417
-419
-211
-525
-527
-528
1
5
4
1
14
30
29
28
14
30
30
26
5
9
10
7
9
23
25
24
-130
-334
-334
-333
8
17
16
18
-170
-433
-430
-432
7
17
16
18
5
13
12
13
11
21
25
24
-137
-342
-344
-344
12
24
23
23
-161
-404
-402
-402
9
21
23
25
13
24
24
23
4
9
9
8
13
25
21
22
-144
-364
-361
-364
13
24
23
23
7
8
8
7
-208
-521
-522
-522
-226
-567
-569
-567
7
16
20
17
-227
-577
-577
-576
-222
-556
-557
-559
13
28
26
29
13
26
27
29
-182
-459
-456
-456
1
2
3
5
-200
-507
-509
-507
5
1
2
1
-235
-585
-585
-585
9
20
20
17
-231
-575
-579
-577
14
29
27
29
6
13
12
11
13
21
23
25
14
30
28
26
-206
-517
-516
-516
12
24
25
25
8
20
19
16
-152
-383
-384
-383
-264
-665
-665
-667
9
18
20
18
9
13
14
11
-180
-459
-459
-455
9
19
17
20
9
14
12
12
12
22
22
22
-155
-398
-397
-399
12
28
30
30
13
21
22
23
7
12
13
13
2
5
1
4
-225
-564
-562
-560
-211
-532
-534
-530
10
25
22
22
-225
-574
-571
-571
11
28
26
26
9
18
18
18
13
28
30
26
-191
-477
-476
-478
-200
-504
-502
-504
12
30
29
30
-227
-573
-573
-573
7
8
10
8
-234
-586
-589
-585
-187
-470
-474
-472
6
11
12
14
2
1
4
3
-149
-377
-378
-377
11
29
28
30
3
7
6
8
-201
-506
-507
-506
-226
-569
-568
-565
6
8
9
7
5
13
13
12
6
13
12
11
-219
-550
-550
-553
-187
-466
-468
-465
-170
-426
-427
-427
6
8
6
10
-152
-383
-381
-384
13
26
29
27
11
22
21
21
-241
-611
-611
-610
-149
-374
-372
-373
4
6
9
8
5
7
6
8
-224
-560
-561
-564
-179
-454
-451
-452
5
14
12
11
4
8
7
8
-278
-700
-700
-700
-250
-631
-631
-632
9
15
13
13
5
8
7
9
