0
-50
-151
-150
0
-49
-157
-157
0
-74
-223
-220
0
6
4
4
0
10
19
19
0
-63
-201
-202
0
-75
-238
-237
0
8
15
14
0
7
7
8
0
7
16
16
0
10
20
19
0
6
10
14
0
10
18
16
0
6
6
6
0
-78
-240
-242
0
-63
-198
-197
0
4
2
3
0
-68
-204
-202
0
-72
-224
-222
0
-58
-179
-182
0
8
20
16
0
6
13
17
0
-53
-161
-164
0
-44
-133
-133
0
4
1
2
0
3
4
1
0
3
9
11
0
-75
-234
-232
0
-83
-256
-257
0
-58
-184
-185
0
-72
-220
-220
0
-69
-210
-211
0
-47
-139
-142
0
-79
-247
-248
0
-71
-225
-224
0
9
18
17
0
5
5
3
0
-61
-194
-190
0
8
19
20
0
-70
-220
-217
0
2
2
1
0
-50
-155
-155
0
5
13
13
0
-75
-234
-233
0
-73
-233
-230
0
1
5
2
0
-77
-229
-232
0
6
16
19
0
-81
-244
-248
0
-75
-229
-233
0
5
16
14
0
8
14
17
0
-54
-166
-169
0
-50
-150
-149
0
-63
-190
-188
0
-53
-169
-173
0
-56
-179
-175
0
-77
-239
-240
0
4
12
13
0
7
13
15
0
5
8
8
0
6
8
7
0
-71
-218
-221
0
2
5
2
0
-75
-229
-230
0
-62
-200
-199
0
-60
-184
-184
0
-59
-185
-182
0
-72
-226
-229
0
-71
-224
-220
0
-66
-212
-212
0
3
9
9
0
-57
-178
-178
0
5
5
6
0
9
14
14
0
-70
-211
-213
0
5
6
7
0
-58
-175
-178
0
9
18
20
0
2
5
8
0
6
11
12
0
8
12
14
0
-72
-228
-227
0
8
20
18
0
-65
-199
-201
0
-78
-245
-248
0
4
9
11
0
6
12
11
0
-43
-129
-131
0
-59
-190
-189
0
3
5
8
0
2
5
7
0
7
8
8
0
7
9
11
0
9
15
15
0
1
4
3
0
-48
-158
-155
0
-54
-169
-170
0
1
5
2
0
-57
-176
-177
0
4
2
1
0
2
3
3
0
-54
-174
-175
0
-63
-191
-189
0
2
7
5
0
6
7
10
0
5
5
5
0
8
17
18
0
5
8
11
0
4
7
7
0
-60
-189
-189
0
-56
-173
-170
0
8
17
17
0
-74
-224
-225
0
-87
-262
-262
0
-53
-168
-167
0
-56
-173
-175
0
-60
-188
-184
0
5
7
7
0
-67
-202
-202
0
-78
-233
-234
0
6
9
9
0
-64
-204
-202
0
7
11
11
0
-89
-268
-269
0
-64
-201
-200
0
-80
-244
-246
0
-64
-203
-202
0
5
7
10
0
-64
-191
-191
0
-61
-183
-182
0
-57
-178
-179
0
5
11
11
0
5
10
8
0
-82
-247
-246
0
5
17
13
0
5
13
13
0
5
17
14
0
-89
-90
-152
0
-99
-100
-158
0
-98
-102
-220
0
-95
-96
5
0
-116
-119
17
0
5
2
-199
0
-114
-115
-235
0
3
3
13
0
4
6
9
0
-101
-105
20
0
1
2
16
0
5
3
10
0
-147
-143
20
0
-73
-74
7
0
-93
-93
-239
0
4
5
-199
0
-97
-97
5
0
10
8
-203
0
-84
-82
-222
0
6
8
-178
0
-95
-92
18
0
8
7
15
0
2
1
-162
0
-84
-82
-132
0
6
3
4
0
9
6
2
0
7
3
10
0
-112
-114
-232
0
-124
-121
-260
0
-111
-113
-181
0
-79
-80
-223
0
-104
-101
-209
0
5
5
-142
0
8
7
-250
0
9
7
-224
0
5
5
16
0
9
8
4
0
-62
-64
-193
0
7
8
18
0
-86
-85
-219
0
7
6
4
0
5
6
-153
0
9
5
12
0
-68
-65
-233
0
5
5
-229
0
-78
-78
1
0
9
9
-229
0
8
7
19
0
6
5
-244
0
9
9
-232
0
-72
-68
14
0
7
9
13
0
3
4
-168
0
-101
-100
-152
0
-110
-110
-187
0
4
4
-169
0
-111
-113
-177
0
-108
-108
-241
0
7
7
11
0
8
6
15
0
-91
-91
7
0
1
2
10
0
-97
-99
-218
0
2
1
1
0
-115
-116
-227
0
4
6
-200
0
-113
-111
-186
0
10
9
-185
0
6
3
-227
0
7
5
-224
0
8
9
-208
0
-100
-102
8
0
5
5
-182
0
8
5
8
0
-76
-73
13
0
-130
-133
-212
0
4
8
5
0
7
3
-178
0
-90
-88
19
0
5
4
6
0
6
7
14
0
7
7
12
0
-76
-76
-229
0
7
8
20
0
8
5
-203
0
6
6
-245
0
1
3
9
0
-111
-109
14
0
-102
-103
-131
0
8
7
-189
0
-113
-112
8
0
6
6
6
0
4
8
11
0
6
8
8
0
-94
-92
13
0
-96
-100
1
0
7
10
-156
0
-113
-111
-167
0
5
2
1
0
-114
-116
-178
0
-94
-93
2
0
7
4
1
0
4
5
-174
0
-73
-74
-190
0
10
6
8
0
5
3
7
0
-99
-98
8
0
-111
-113
20
0
4
4
10
0
4
6
6
0
7
4
-189
0
-107
-106
-171
0
-89
-93
19
0
-83
-83
-225
0
5
2
-263
0
-74
-73
-167
0
10
6
-172
0
7
5
-184
0
-122
-119
7
0
-73
-74
-206
0
3
5
-232
0
5
3
9
0
-111
-111
-204
0
-87
-86
10
0
6
5
-268
0
3
5
-203
0
-137
-136
-245
0
-123
-122
-199
0
3
6
9
0
3
2
-192
0
0
0
-183
0
0
0
-177
0
0
0
10
0
0
0
11
0
0
0
-244
0
0
0
14
0
0
0
11
0
0
0
14
