011100000000000000000000000000000000001000000000100000000000000000000
011100000000010000000000000000000000010000000000010000000000000000000
011100000000100000000000000000000000010000000000010000000000000000000
011100000000110000000000000000000000010000000000010000000000000000000
001111000010000000000000000000000000100000000001100000001000000000000
001111000000110000000000000000000000100000000011100000001000000000000
001111000000110000000000000000000000100000000101100000001000000000000
001111000000110000000000000000000000100000000111100000001000000000000
000111000000110000000000000000000000111000010100000000000000000000000
000111000000110000000000000000000000111000011000000000000000000000000
011011000000000000000000000000000000111000000100100000000000000000000
011011000000010000000000000000000000111000000100100000000000000000000
011011000000100000000000000000000000111000000100100000000000000000000
011111000011000000000000000000000000101000000000110000000000000000000
011111000000110000000000000000000000101000000010110000000100000000000
000111000000110000000000000000000000110000000100000000000000000000000
011111000000110000000000000000000000101000000100110000001000000000000
000111000000110000000000000000000000110000000100000000000000000000000
010001000000000000000000000000000000001000000001110000010000000000000
0
0
0
0
0
0
0
0
0
0
0
0
0
