011100000000000000000000000000000000001000000000100000000000000000000
011100000000010000000000000000000000001000000000100000000000000000000
001111000010100000000000000000000000100000000001100000011000000000000
001111000011000000000000000000000000100000000011100000011000000000000
011011000000000000000000000000000000111000011100100000000000000000000
011011000000010000000000000000000000111000000000100000000000000000000
011011000000100000000000000000000000111000000000100000000000000000000
011111000000000000000000000000000000101000000000110000000000000000000
011100000000100000000000000000000000101000000010110000000100000000000
011111000010000000000000000000000000101000000100110000001000000000000
010001000000000000000000000000000000001000000001000000001000000000000
0
0
0
0
0
0
0
0
0
0
0
0
0
0
0
0
0
0
0
0
0
