000111000101000000000000000000000000111000000010000000000000000000000
000111000101100000000000000000000000111000000010000000000000000000000
000111000110000000000000000000000000111000000010000000000000000000000
000111000100100000000000000000000000111000000010000000000000000000000
010111000001001000000000000000000000111000000010100000000000000000000
000111000001100000000000000000000000100000000000000000000000000000000
000111000100100000000000000000000000111000000010000000000000000000000
000111000101000000000000000000000000111000000010000000000000000000000
000111000101100000000000000000000000111000000010000000000000000000000
010001000000000000000000000000000000001000000001110000000100000000000
0
0
0
0
0
0
0
0
0
0
0
0
0
0
0
0
0
0
0
0
0
0
