011100000000000000000000000000000000111000100000100000000000000000000
010111000000001000000000100000000000111000101000100000000100000000000
000111000000100000000000000000000000100000000010000000000000000000000
010111000000001000000001000000000000111000101100100000001000000000000
000111000000100000000000000000000000100000000100000000000000000000000
010111000000001000000001100000000000100000000000100000001100000000000
000111000000100000000000000000000000100000000110000000000000000000000
0
0
0
0
0
0
0
0
0
0
0
0
0
0
0
0
0
0
0
0
0
0
0
0
0
