011100000000000000000000000000000000001000000000100000000000000000000
001100000000010000000000000000000000100000000001100001001000000000000
001100000000100000000000000000000000100000000011110001010000000000000
001110000000010000000000000000000000100000000101110001100000000000000
000100000000111110001001011000011110111000000010000000000000000000000
000111000101000000000000000000000000100000000110000000000000000000000
000111000101100000000000000000000000100000000110000000000000000000000
000111000110000000000000000000000000100000000110000000000000000000000
000111000110100000000000000000000000100000000110000000000000000000000
000111000111000000000000000000000000100000000110000000000000000000000
011100000001000000000000000000000000100000000110100000000000000000000
011100000001010000000000000000000000101000000001000000010000000000000
010001000000000000000000000000000000001000000001000000010100000000000
0
0
0
0
0
0
0
0
0
0
0
0
0
0
0
0
0
0
0
