011100000000000000000000000000000000001000000000100000000000000000000
001100000000010000000000000000000000100000000001100110001000000000000
001100000000100000000000000000000000100000000011110110010000000000000
001111000010010000000000000000000000100000000101110110100000000000000
000110011011100000000000000000000000111000000010000000000000000000000
000100000000111110000100111000001011111011011100000000000000000000000
000111000000110000000000000000000000100000000110000000000000000000000
000111000001010000000000000000000000100000000110000000000000000000000
000111000001110000000000000000000000100000000110000000000000000000000
000111000000010000000000000000000000100000000110000000000000000000000
011100000001000000000000000000000000100000000110100000000000000000000
011100000001010000000000000000000000101000000001000000010000000000000
010001000000000000000000000000000000001000000001000000010100000000000
0
0
0
0
0
0
0
0
0
0
0
0
0
0
0
0
0
0
0
